1.73232
3.35439
8.10592
25.6097
43.6017
56.5645
63.3929
61.8779
53.3063
45.2732
37.8581
31.426
37.4441
36.9409
47.7814
56.1857
63.724
65.9433
65.9491
68.2411
64.4648
67.2319
63.1232
66.0142
62.1461
62.0718
64.6521
56.3924
90.6016
65.6317
103.757
68.803
114.123
79.5627
107.408
84.071
79.3086
57.3153
48.1888
55.3382
70.2585
88.7056
92.0177
101.615
70.0589
67.9484
35.1813
7.27533
2.84758
1.62014
6.72093
13.2868
29.0621
40.2069
51.7155
65.7362
66.5975
66.4983
58.9716
47.8869
41.2308
35.9901
33.7348
34.6067
39.8095
48.7839
57.8189
64.5012
68.4734
71.9947
77.5824
74.7565
80.7472
75.6836
76.4211
74.8332
72.8648
75.5507
55.6366
78.1824
64.2397
88.045
51.1372
103.45
66.071
74.7063
66.8286
46.1143
31.5253
24.3935
37.3164
41.3246
72.0445
70.7773
84.0821
50.3694
31.091
16.0137
5.64927
4.71869
